cmd92 0 0 100000000 100000000 100000000 100000000 100000000 100000000
movlspdque 0 10
movl	0	309.6945	558.7873	300.2751	-150	0	90	100
movl	0	254.6945	558.7873	255.6726	-150	0	90	100
movlspdque 0 1
movl	0	290.5524	558.7873	231.5059	-150	0	90	100
movlspdque 0 10
movl	0	300.5524	558.7873	320.1085	-150	0	90	100
movl	0	300.2168	551.3456	320.3022	-150	0	90	100
movl	0	254.3589	551.3456	255.8664	-150	0	90	100
movlspdque 0 1
movl	0	290.2168	551.3456	231.6997	-150	0	90	100
movlspdque 0 10
movl	0	309.3589	551.3456	300.4689	-150	0	90	100
movl	0	309.0233	543.9039	300.6627	-150	0	90	100
movl	0	254.0233	543.9039	256.0601	-150	0	90	100
movlspdque 0 1
movl	0	289.8812	543.9039	231.8935	-150	0	90	100
movlspdque 0 10
movl	0	295.8812	543.9039	320.496		-150	0	90	100
movl	0	301.9889	536.4622	319.8564	-150	0	90	100
movl	0	255.131		536.4622	255.4205	-150	0	90	100
movlspdque 0 1
movl	0	290.9889	536.4622	231.2539	-150	0	90	100
movlspdque 0 10
movl	0	310.131		536.4622	344.0231	-150	0	90	100
movl	0	309.7954	529.0205	300.2168	-150	0	90	100
movl	0	254.7954	529.0205	255.6143	-150	0	90	100
movlspdque 0 1
movl	0	290.6533	529.0205	231.4476	-150	0	90	100
movlspdque 0 10
movl	0	301.6533	529.0205	320.0502	-150	0	90	100
movl	0	301.3177	521.5788	320.2439	-150	0	90	100
movl	0	254.4599	521.5788	255.8081	-150	0	90	100
movlspdque 0 1
movl	0	290.3177	521.5788	231.6414	-150	0	90	100
movlspdque 0 10
movl	0	309.4599	521.5788	300.4106	-150	0	90	100
