-1.834617004394531181e-01 8.937607421875000124e-01 3.075177764892578214e-02 -3.081946633603615648e+00 -3.276491874492069162e-02 -1.154390317704504954e+00
-1.849828491210937509e-01 8.904547729492188202e-01 3.053123474121093722e-02 -3.028837608829146433e+00 8.709517140735394125e-02 -1.152961265463568363e+00
-1.827889709472656221e-01 8.984542236328124654e-01 3.040734863281250103e-02 3.132993040113818406e+00 -1.849212841110731975e-01 -1.146985265135485710e+00
-1.899615325927734300e-01 8.984578857421875453e-01 2.933721160888672075e-02 -2.951792624809263188e+00 -2.672848504991970353e-01 -1.191631696072064539e+00
-1.759759979248047002e-01 8.982810058593749813e-01 2.981603240966796894e-02 2.812476542916710898e+00 -3.286952479970661062e-02 -1.111737595738987228e+00
-1.754151000976562624e-01 8.886099853515625480e-01 2.932145690917968908e-02 2.985231541772406683e+00 3.274031987494570584e-01 -1.112047454531817747e+00
-1.906195983886718737e-01 8.886007080078125453e-01 2.848481750488281172e-02 -2.725932063288514673e+00 2.090709412280197452e-02 -1.014029144821178452e+00
-1.900811920166015634e-01 8.868416748046875631e-01 2.721160125732421942e-02 -2.657587626549920312e+00 1.298504916538675835e-01 -1.008890974972034726e+00
-1.736754760742187653e-01 8.853181762695312429e-01 2.755194854736328289e-02 3.028598456963257135e+00 4.730318712423647320e-01 -1.181826203254501273e+00
-1.736532592773437633e-01 8.983917236328125000e-01 2.908710479736328208e-02 2.774966984227380973e+00 -2.938641178010014537e-02 -1.225081132521513849e+00
