9.234410095214844183e-02 -4.863656005859375298e-01 3.545351562499999831e-01 1.902390242546190935e+00 -1.360788364820899599e+00 -5.560604455994395678e-01
8.903767395019530906e-02 -4.677353820800781437e-01 3.003960876464843999e-01 -1.287733595062282577e+00 -1.332370438618936337e+00 2.769516292424315740e+00
2.577124404907226579e-02 -4.701541137695312567e-01 2.911555480957031539e-01 6.246283215534919053e-01 -1.386791736020542842e+00 8.134993731667745642e-01
-1.078591461181640648e-01 -3.614743652343749836e-01 3.419642944335937740e-01 2.426118447773469633e+00 -1.528270171560184520e+00 -6.496393323519441543e-01
-9.437328338623046653e-02 -4.152284545898437540e-01 2.879238586425781343e-01 1.135920363438424507e+00 -1.286231971681640385e+00 6.952512923417286661e-01
-1.267062759399414061e-02 -4.027384643554687838e-01 3.303018188476562478e-01 1.624200962450365937e+00 -1.331373217948756738e+00 2.725464412201091813e-01
5.031480407714843811e-02 -4.205922241210937607e-01 3.901689453125000151e-01 -2.553121138049926575e+00 -1.304488606744406143e+00 -2.032351305319564982e+00
5.512916946411133140e-02 -4.439387207031250115e-01 3.266981811523437806e-01 -2.256245521849455926e+00 -1.501146009015781768e+00 -2.517816943059292267e+00
7.617842864990234664e-02 -4.158357849121093741e-01 2.893736572265624973e-01 1.117508732400214866e+00 -1.411747952279565732e+00 2.949128331875723874e-01
1.703711242675781390e-01 -4.340604248046874836e-01 3.944029846191406397e-01 2.285256667184230039e+00 -1.421989937199792386e+00 -1.075842645039543521e+00
1.748000717163086110e-02 -4.575792846679687664e-01 4.005853576660156068e-01 2.158438667129365829e+00 -1.274264524691151923e+00 -5.499903025268206846e-01
-6.078949356079101779e-02 -4.434948730468750155e-01 4.077474670410156099e-01 2.710559232212141456e+00 -1.260468551296214157e+00 -1.016300688072961478e+00
-2.993860626220703341e-02 -4.616465454101562615e-01 3.454214782714843945e-01 1.152219308783871021e+00 -1.457957259301857711e+00 7.492519434491599073e-01
-3.387461853027343844e-02 -3.794374389648437762e-01 3.295816345214843679e-01 1.205374406245200314e+00 -1.370341656283232235e+00 6.767212172140405491e-01
4.683341979980468780e-04 -3.861980285644531219e-01 2.720747985839843675e-01 -1.089558523864698980e+00 -1.358280466022371957e+00 2.803232444456937422e+00
1.190553894042968713e-01 -3.986779785156250311e-01 2.662565917968749973e-01 1.079266804411112668e+00 -1.433599189023665677e+00 4.329944733358445097e-01
-7.307144927978516391e-02 -3.788175964355469105e-01 3.852470703124999951e-01 2.447386185922729496e+00 -1.357695769005045072e+00 -6.365186700304221734e-01
-2.723794174194335907e-02 -4.804429321289062638e-01 3.615184020996093928e-01 -2.437648337396854270e+00 -1.391380628894858029e+00 -1.999106133325724954e+00
-2.624240112304687678e-02 -5.171429443359375488e-01 2.940433959960937482e-01 6.526261340934932376e-01 -1.378733543194180733e+00 1.113831306408981536e+00
4.538257598876953292e-02 -4.976397705078124956e-01 3.811618347167968768e-01 -2.995454618248892587e+00 -1.404986053113800315e+00 -1.610836687468131245e+00
5.987501907348632968e-02 -4.710804443359374871e-01 3.174541015624999796e-01 -1.106873265428929942e+00 -1.413554907079184186e+00 2.681323316081360542e+00
