-9.548954772949218295e-02 -2.864020996093750160e-01 5.517945556640625471e-01 3.014544423258691541e+00 -1.227737902024977235e+00 -1.207159389965827057e+00
4.064600944519042650e-03 -2.816824035644531210e-01 5.517836914062500542e-01 -3.079317827291598419e+00 -1.076717027404445082e+00 -1.518155885214227618e+00
1.604022064208984466e-01 -3.100844421386718675e-01 5.517885742187500497e-01 -2.540718796853428607e+00 -1.026124623281073012e+00 -2.151996613610519304e+00
1.604000549316406399e-01 -4.085960693359375062e-01 4.394129943847656095e-01 2.400323069454958436e+00 -1.128568574091205479e+00 -9.652920984502383339e-01
5.980434417724609514e-02 -4.085959777832031126e-01 4.394042968749999889e-01 3.028022415219473018e+00 -1.220063470711695297e+00 -1.790986752038757235e+00
-8.796073150634765858e-02 -4.085903015136718719e-01 4.393992919921875240e-01 2.924152474803658031e+00 -1.338194638764885314e+00 -1.272981413677952034e+00
-8.795809936523438233e-02 -4.085821533203125022e-01 4.004243164062500360e-01 2.928747492948478914e+00 -1.441628752868308938e+00 -9.396462566269365713e-01
-1.961852073669433788e-02 -4.297521362304687620e-01 4.812206115722656441e-01 3.126062962325213856e+00 -1.190433406739583200e+00 -1.470498084875041078e+00
5.334092330932617421e-02 -4.297535400390625204e-01 4.770995483398437487e-01 2.460111568559455009e+00 -1.063499825493408935e+00 -8.638891107311905682e-01
1.218300018310546906e-01 -4.297537231445312522e-01 4.770914916992187726e-01 -2.700652006640938296e+00 -1.224060875507904766e+00 -2.028440453258784082e+00
1.676262359619140607e-01 -4.702005615234375324e-01 4.338013000488281090e-01 -2.671667492917060738e+00 -1.221667226320141353e+00 -2.300324832631899241e+00
7.217874145507813255e-02 -4.701998291015624942e-01 4.225572204589843617e-01 2.981816570306598635e+00 -1.319112024290031382e+00 -1.519154437464953267e+00
-1.008334732055664144e-02 -4.701956481933594056e-01 4.225468444824218572e-01 -3.090226934064890241e+00 -1.176743693472139585e+00 -1.332247134260465815e+00
-1.109767379760742273e-01 -4.701927490234374951e-01 4.225478515625000209e-01 -2.588857564085481400e+00 -1.279188709546708491e+00 -1.882364735887392948e+00
-1.109756774902343757e-01 -5.134100952148437091e-01 4.005566711425781468e-01 3.098999653011720312e+00 -1.380946097427818708e+00 -1.000780717346362536e+00
-1.470356369018554696e-02 -5.134096679687499831e-01 3.863786010742187305e-01 2.963782974985126106e+00 -1.351188068565327693e+00 -1.120332215787917418e+00
4.266389846801758173e-02 -5.134191284179687731e-01 3.863795471191406317e-01 2.961113688624540163e+00 -1.378203973611418220e+00 -1.549554820782371278e+00
1.063943939208984446e-01 -5.134182128906250586e-01 4.168511657714843999e-01 -2.862784454856635019e+00 -1.172789165569480652e+00 -2.088219231825301669e+00
-5.217975997924804987e-02 -4.879817504882812407e-01 3.363587951660156339e-01 -1.847376125485929332e+00 -1.395795217875827499e+00 -2.518208427739536681e+00
-1.237763786315917991e-02 -5.183012695312499973e-01 3.814963378906249813e-01 2.976555229257037194e+00 -1.315700115459476516e+00 -1.213459230682461643e+00
