7.738677978515624833e-02 3.973295898437499973e-01 4.546325378417968577e-01 -2.505618866318402027e+00 -1.439631914682968139e+00 1.311284860688235021e+00
-8.724250793457030998e-04 3.973328857421875027e-01 4.546385498046874862e-01 -2.297144485658128232e+00 -1.294931720014602661e+00 1.212191033371367910e+00
-1.470901641845703267e-01 3.973338012695312726e-01 4.546376342773437718e-01 2.664850865790893586e+00 -1.120303586806199458e+00 2.468223557239836108e+00
-2.092682342529297024e-01 3.973281250000000320e-01 4.546266174316406228e-01 -2.511203515124298846e+00 -1.297528168919375835e+00 9.586439828420472153e-01
-3.510388488769531357e-01 3.973299865722656476e-01 5.041278686523437136e-01 -2.739944019047857449e+00 -1.168285493850047985e+00 1.146067007191625908e+00
-4.502247924804687607e-01 3.861948852539062726e-01 4.612679138183594096e-01 -2.376610016792783497e+00 -1.124248261012824823e+00 6.126855088030846996e-01
-4.502184753417968754e-01 4.890083007812500160e-01 2.791654663085937349e-01 1.377515280153523314e+00 -1.399070373384407207e+00 -3.069694761008705530e+00
-3.524925537109375173e-01 4.889987487792968879e-01 2.791568603515625080e-01 -9.065397021678363032e-01 -1.324916517043914110e+00 -1.028027784775071174e+00
-2.288366546630859477e-01 4.890042724609375280e-01 2.791631469726562620e-01 -1.615004135099940452e+00 -1.418671105849335978e+00 -9.681896343609765199e-02
-1.087106857299804663e-01 4.890021362304687869e-01 2.655967712402343972e-01 -6.371208773319165797e-01 -1.317236626250398057e+00 -8.374593674410266697e-01
-1.087141876220703157e-01 5.833178100585937331e-01 3.206806335449218781e-01 6.565399822105015826e-01 -1.352596481307815734e+00 -2.000464878113883405e+00
-1.856959991455078285e-01 6.020471191406250311e-01 3.676403198242187420e-01 2.312360456546293186e+00 -1.467639447760949789e+00 2.638158534817247602e+00
-2.445345764160156421e-01 6.020432128906250124e-01 3.676447143554687491e-01 1.746425409099007009e+00 -1.296821632282177283e+00 2.852262838021950131e+00
-3.254265136718750284e-01 5.954670410156249760e-01 4.026921081542969016e-01 -3.097947704381138312e+00 -1.265521766306585194e+00 1.539773429572672603e+00
-3.994037475585937580e-01 5.891754150390625666e-01 4.026737976074218905e-01 2.219509211982626518e+00 -1.341776590431041916e+00 2.189177538221334540e+00
-3.994008483886719030e-01 6.662662353515624858e-01 4.550628967285156312e-01 2.430655941638742323e+00 -1.067991845883072388e+00 1.954868497616472300e+00
-2.923122558593749809e-01 6.662612304687499654e-01 4.550576171874999853e-01 3.132489170035575476e+00 -1.088840469055785576e+00 1.616239708687682297e+00
-2.117862091064453278e-01 6.662614746093750151e-01 4.550517578125000129e-01 3.032988944336362014e+00 -1.186428944566485510e+00 1.852676748161570019e+00
-2.117997131347656159e-01 6.984249877929687988e-01 4.550538940429687540e-01 2.644145320947745681e+00 -1.079841980627543663e+00 2.214854539029387226e+00
-2.778705139160156379e-01 6.857293090820312242e-01 3.175222778320312411e-01 3.269209335655575144e-01 -1.480407840449280199e+00 -1.893111522992245721e+00
