2.924974441528320479e-02 9.168413085937500151e-01 4.781202392578124960e-01 2.673328772805051656e+00 -1.883350072201206427e-02 -1.939890879645867150e+00
5.838134002685547302e-02 8.746113891601562385e-01 4.934718627929687851e-01 2.954016896951697113e+00 2.172800062913241015e-01 -1.477719113012736285e+00
-1.334583282470703236e-01 8.601770019531249645e-01 4.848311767578125098e-01 2.980554231949900768e+00 1.775950943998332587e-01 -1.091955901477987601e+00
-2.077650299072265616e-01 8.632555541992187331e-01 5.255788574218750453e-01 -2.856417635638582198e+00 2.897589173984825295e-01 -1.367514710786112531e+00
-2.193031005859374938e-01 8.864523925781250258e-01 4.733478698730468892e-01 -2.783384703800903193e+00 1.120286342838141824e-01 -1.778247920438526419e+00
-3.192902832031250249e-01 8.352395019531250187e-01 4.174134216308593714e-01 -2.820981614173987850e+00 5.757946939811429965e-02 -1.415679576996850209e+00
-2.057523803710937516e-01 9.314785766601563211e-01 4.428872070312500075e-01 3.039662027079773399e+00 1.632898247359318156e-01 -1.683586392123878506e+00
4.833750152587890786e-02 9.239916381835937553e-01 3.760438537597656228e-01 3.119892950711718349e+00 2.028006948889967895e-02 -1.829186868398744226e+00
-7.548645782470703169e-02 9.581808471679688077e-01 3.679112548828125107e-01 3.121947313176605565e+00 1.546743654514709521e-01 -1.377465745357248306e+00
7.961669158935547053e-02 8.834652709960937322e-01 4.192941589355468901e-01 3.071656179151549537e+00 -1.380065473279113580e-02 -1.586470760864721719e+00
-1.641344604492187553e-01 8.229987182617187758e-01 4.930263671875000364e-01 -2.762281549007006287e+00 1.956509104716503133e-01 -1.425286131680983948e+00
-2.412794952392578185e-01 8.080109863281250693e-01 3.627461547851562607e-01 -3.018147147581350165e+00 2.335308150000693916e-01 -1.389762625374580507e+00
-2.695517578125000147e-01 8.733107299804687695e-01 3.458506164550781414e-01 -2.821294801918181161e+00 2.928211531779101873e-01 -1.562820159330108982e+00
1.096349716186523389e-02 9.260985717773437820e-01 3.091352539062500182e-01 2.827350297604803497e+00 4.131787072576494774e-02 -1.455362275135684724e+00
4.795405578613281400e-02 7.974989013671874849e-01 3.112573852539062824e-01 2.929868417451294782e+00 7.186270556518452313e-02 -2.118242112058200899e+00
3.044440460205078205e-02 9.433955078125000338e-01 3.112821655273437793e-01 3.053422846748321984e+00 1.765421803733568662e-01 -1.253265499495877178e+00
-1.177835464477539062e-01 9.312957763671875222e-01 3.028879089355469012e-01 3.045801678656842260e+00 5.377588863380343420e-02 -1.744035887810932328e+00
-9.854344940185547075e-02 9.335512695312500053e-01 2.897647094726562567e-01 -3.019323732150947404e+00 1.001739555207330767e-01 -1.152550872339587418e+00
-2.537394409179687393e-01 9.093332519531249769e-01 2.978540039062499978e-01 -2.909145562061060897e+00 3.487830892701268004e-01 -1.791635364922245843e+00
-2.467465820312499947e-01 9.220007324218749689e-01 2.436011962890625160e-01 -2.881724590213169179e+00 7.855314046757372326e-02 -1.600200554706570966e+00
-9.883762359619141513e-02 8.044470825195312313e-01 4.246600952148437691e-01 2.730392858114397470e+00 1.738959470009565356e-01 -1.945198160224231199e+00
-1.220448608398437551e-01 8.678947753906249840e-01 3.446605834960937420e-01 2.930770696428613320e+00 2.464382746315723349e-01 -1.686118525688325320e+00
-1.359730682373046784e-01 9.085169067382812269e-01 3.263415222167969088e-01 -3.108884241713658181e+00 1.587300601860389959e-01 -2.135392470004147558e+00
-2.379288482666015725e-01 8.760003662109374645e-01 3.877614135742187829e-01 -2.989581016464724517e+00 3.573953527612794834e-01 -1.852714831365158910e+00
-2.158492889404296788e-01 8.566477050781250435e-01 3.812903747558593626e-01 -2.653652806039328294e+00 3.284339086703449984e-01 -1.569242638614944285e+00
-2.370338592529296906e-01 7.851112670898438006e-01 5.215818481445312349e-01 3.134588273606775832e+00 3.297572999950326156e-01 -1.352209923475590880e+00
-5.236994934082031539e-02 7.846658935546875213e-01 4.958604431152343617e-01 3.105952367669589709e+00 4.227702650158948749e-01 -1.124788216923838347e+00
-1.752800140380859351e-01 8.852481079101562900e-01 5.218773803710937687e-01 -2.647358424802925825e+00 1.665179088722440470e-01 -9.797813592559502238e-01
-4.196002960205078014e-02 9.377196044921874973e-01 6.002916259765624929e-01 2.746390999414721534e+00 2.556304414500899513e-01 -1.689722315275420605e+00
-1.203379821777343789e-01 8.559895019531250648e-01 6.300493164062500595e-01 3.126948729703774355e+00 9.784094318203960527e-02 -1.075061939365987485e+00
1.174074554443359369e-01 8.995232543945312909e-01 4.451359252929687482e-01 -3.045938565136872000e+00 3.455753450266400573e-01 -8.175924520251437455e-01
-3.989292526245117460e-02 9.273971557617187722e-01 5.235471191406250169e-01 -2.756961884729573153e+00 2.884464450342644759e-01 -6.996166128425330699e-01
-1.139837722778320322e-01 9.469405517578125542e-01 4.091806945800781081e-01 3.122129473395167221e+00 1.920540492645783290e-02 -1.484594063366776018e+00
