movl 0 -0.1719 894.6066 533.567 116.7815 -38.0442 162.7217 100
movl 0 -0.1719 894.6066 342.0103 116.7815 -38.0442 162.7217 100
movl 0 -0.1719 894.6066 342.0103 116.7815 -38.0442 162.7217 100
movl 0 -0.1719 894.6066 342.0103 116.7815 -38.0442 162.7217 100
movl 0 -0.1719 894.6066 342.0103 116.7815 -38.0442 162.7217 100
movl 0 -19.0991 898.7973 354.2078 112.9182 -25.5664 169.6484 100
movl 0 -30.8898 900.3727 358.6262 111.7775 -19.1073 172.5493 100
movl 0 -30.8898 900.3727 358.6262 111.7775 -19.1073 172.5493 100
movl 0 -30.8898 900.3727 358.6262 111.7775 -19.1073 172.5493 100
movl 0 -30.8898 900.3727 358.6262 111.7775 -19.1073 172.5493 100
movl 0 -18.7986 916.1606 351.406 124.3274 -23.0267 165.0353 100
movl 0 -18.7986 916.1606 351.406 124.3274 -23.0267 165.0353 100
movl 0 -18.7986 916.1606 351.406 124.3274 -23.0267 165.0353 100
movl 0 -18.7986 916.1606 351.406 124.3274 -23.0267 165.0353 100
movl 0 -7.4846 913.3224 345.6525 126.7057 -29.2466 160.3087 100
movl 0 11.1383 904.9077 330.9123 134.2415 -40.4612 147.6108 100
movl 0 11.1383 904.9077 330.9123 134.2415 -40.4612 147.6108 100
movl 0 11.1383 904.9077 330.9123 134.2415 -40.4612 147.6108 100
movl 0 11.1383 904.9077 330.9123 134.2415 -40.4612 147.6108 100
movl 0 11.1383 904.9077 522.469 134.2415 -40.4612 147.6108 100
